Precision:[    0.96147]
Recall: [    0.86531]
Map50:0.9291199907261494
Map50-95:0.5553211845030759c
