Precision:[    0.97225]
Recall: [     0.9107]
Map50:0.957459469164151
Map50-95:0.572136464139935
